<?xml version="1.0"?>
<opencv_storage>
<RotationVector type_id="opencv-matrix">
  <rows>3</rows>
  <cols>1</cols>
  <dt>d</dt>
  <data>
    7.1310567930660207e-01 -1.9444343663623962e+00
    1.7528508214805862e+00</data></RotationVector>
<TranslationVector type_id="opencv-matrix">
  <rows>3</rows>
  <cols>1</cols>
  <dt>d</dt>
  <data>
    -6.0620671801690477e+01 9.3234236576370222e+02
    4.5783037479470777e+03</data></TranslationVector>
</opencv_storage>
