<?xml version="1.0"?>
<opencv_storage>
<RotationVector type_id="opencv-matrix">
  <rows>3</rows>
  <cols>1</cols>
  <dt>d</dt>
  <data>
    1.6051874169276643e+00 -6.9107589732802865e-01
    5.7137713150198954e-01</data></RotationVector>
<TranslationVector type_id="opencv-matrix">
  <rows>3</rows>
  <cols>1</cols>
  <dt>d</dt>
  <data>
    4.4442024781077293e+02 9.0481203469191405e+02 3.8477612757200404e+03</data></TranslationVector>
</opencv_storage>
