<?xml version="1.0"?>
<opencv_storage>
<RotationVector type_id="opencv-matrix">
  <rows>3</rows>
  <cols>1</cols>
  <dt>d</dt>
  <data>
    1.1994564670294074e+00 -1.1696524758829141e+00
    1.1870321816866827e+00</data></RotationVector>
<TranslationVector type_id="opencv-matrix">
  <rows>3</rows>
  <cols>1</cols>
  <dt>d</dt>
  <data>
    5.2343787615758652e+02 1.4181934640797381e+03 3.2882501459941013e+03</data></TranslationVector>
</opencv_storage>
