<?xml version="1.0"?>
<opencv_storage>
<CameraMatrix type_id="opencv-matrix">
  <rows>3</rows>
  <cols>3</cols>
  <dt>d</dt>
  <data>
    4.8949226967721444e+02 0. 3.3011566548586489e+02 0.
    4.9252897428118956e+02 2.2305302157363735e+02 0. 0. 1.</data></CameraMatrix>
<DistortionCoeffs type_id="opencv-matrix">
  <rows>1</rows>
  <cols>5</cols>
  <dt>d</dt>
  <data>
    -3.6230932916673275e-01 1.9304296252203473e-01
    -8.5811201465006519e-04 8.3822808955404105e-04
    -6.3659341490291177e-02</data></DistortionCoeffs>
</opencv_storage>
