<?xml version="1.0"?>
<opencv_storage>
<RotationVector type_id="opencv-matrix">
  <rows>3</rows>
  <cols>1</cols>
  <dt>d</dt>
  <data>
    1.4235292883473369e+00 -1.4277820079371004e+00
    1.1190159390178316e+00</data></RotationVector>
<TranslationVector type_id="opencv-matrix">
  <rows>3</rows>
  <cols>1</cols>
  <dt>d</dt>
  <data>
    1.4490305869106243e+02 1.1253143564526263e+03 3.2934322304732000e+03</data></TranslationVector>
</opencv_storage>
