<?xml version="1.0"?>
<opencv_storage>
<CameraMatrix type_id="opencv-matrix">
  <rows>3</rows>
  <cols>3</cols>
  <dt>d</dt>
  <data>
    4.8670076203451771e+02 0. 3.2067253078972493e+02 0.
    4.8513033035947262e+02 2.3403448290633258e+02 0. 0. 1.</data></CameraMatrix>
<DistortionCoeffs type_id="opencv-matrix">
  <rows>1</rows>
  <cols>5</cols>
  <dt>d</dt>
  <data>
    -3.4944754286061558e-01 1.5303798061992671e-01
    9.4704226915761454e-04 2.7713709190896948e-04
    -3.3137054660802731e-02</data></DistortionCoeffs>
</opencv_storage>
